kinematics:
  shoulder:
    x: 0
    y: 0
    z: 0.1808214121631618
    roll: -0
    pitch: 0
    yaw: -9.431084369362908e-08
  upper_arm:
    x: -9.528722754917128e-05
    y: 0
    z: 0
    roll: 1.571305680096541
    pitch: 0
    yaw: -1.790719707799915e-06
  forearm:
    x: -0.6123881932258505
    y: 0
    z: 0
    roll: 0.0006447385199420302
    pitch: 0.0002141016209486461
    yaw: -1.059153771892373e-07
  wrist_1:
    x: -0.5714724913117266
    y: -3.200016016174436e-05
    z: 0.1743760460161541
    roll: 0.0001835123604050468
    pitch: -0.0006644883235267674
    yaw: -2.11614490573057e-06
  wrist_2:
    x: 2.264076486078739e-05
    y: -0.1198345948349894
    z: 3.362201533180804e-05
    roll: 1.570515756609836
    pitch: 0
    yaw: 7.622341628155116e-07
  wrist_3:
    x: -8.014793683009433e-06
    y: 0.1156096777798101
    z: 0.0001218809201303846
    roll: 1.571850571364356
    pitch: 3.141592653589793
    yaw: -3.141592621049535
  hash: calib_7468689705985080883
